\begin{tabular}{lrrrrrrrrrrrrrrr}
\toprule
{} &  PassengerId &  Survived &       Age &      Fare &  Family\_Size &  Age\_Class &    Female &      Male &  High status &  Cherbourg &  Queenstown &  Southampton &   Class\_1 &   Class\_2 &   Class\_3 \\
\midrule
PassengerId &     1.000000 & -0.005007 &  0.033019 &  0.012658 &    -0.040143 &   0.034303 & -0.042939 &  0.042939 &     0.018436 &  -0.001205 &   -0.033606 &     0.022148 &  0.034303 & -0.000086 & -0.029486 \\
Survived    &    -0.005007 &  1.000000 & -0.070657 &  0.257307 &     0.016639 &   0.285904 &  0.543351 & -0.543351 &     0.061385 &   0.168240 &    0.003650 &    -0.155660 &  0.285904 &  0.093349 & -0.322308 \\
Age         &     0.033019 & -0.070657 &  1.000000 &  0.090632 &    -0.248954 &   0.319120 & -0.084660 &  0.084660 &    -0.188050 &   0.032330 &   -0.010738 &    -0.029322 &  0.319120 &  0.004949 & -0.278983 \\
Fare        &     0.012658 &  0.257307 &  0.090632 &  1.000000 &     0.217138 &   0.591711 &  0.182333 & -0.182333 &     0.018880 &   0.269335 &   -0.117216 &    -0.166603 &  0.591711 & -0.118557 & -0.413333 \\
Family\_Size &    -0.040143 &  0.016639 & -0.248954 &  0.217138 &     1.000000 &  -0.046114 &  0.200988 & -0.200988 &     0.271547 &  -0.046215 &   -0.058592 &     0.079977 & -0.046114 & -0.038594 &  0.071142 \\
Age\_Class   &     0.034303 &  0.285904 &  0.319120 &  0.591711 &    -0.046114 &   1.000000 &  0.098013 & -0.098013 &     0.027864 &   0.296423 &   -0.155342 &    -0.170379 &  1.000000 & -0.288585 & -0.626738 \\
Female      &    -0.042939 &  0.543351 & -0.084660 &  0.182333 &     0.200988 &   0.098013 &  1.000000 & -1.000000 &    -0.175989 &   0.082853 &    0.074115 &    -0.125722 &  0.098013 &  0.064746 & -0.137143 \\
Male        &     0.042939 & -0.543351 &  0.084660 & -0.182333 &    -0.200988 &  -0.098013 & -1.000000 &  1.000000 &     0.175989 &  -0.082853 &   -0.074115 &     0.125722 & -0.098013 & -0.064746 &  0.137143 \\
High status &     0.018436 &  0.061385 & -0.188050 &  0.018880 &     0.271547 &   0.027864 & -0.175989 &  0.175989 &     1.000000 &  -0.009837 &    0.008657 &     0.004545 &  0.027864 &  0.043155 & -0.059130 \\
Cherbourg   &    -0.001205 &  0.168240 &  0.032330 &  0.269335 &    -0.046215 &   0.296423 &  0.082853 & -0.082853 &    -0.009837 &   1.000000 &   -0.148258 &    -0.778359 &  0.296423 & -0.125416 & -0.153329 \\
Queenstown  &    -0.033606 &  0.003650 & -0.010738 & -0.117216 &    -0.058592 &  -0.155342 &  0.074115 & -0.074115 &     0.008657 &  -0.148258 &    1.000000 &    -0.496624 & -0.155342 & -0.127301 &  0.237449 \\
Southampton &     0.022148 & -0.155660 & -0.029322 & -0.166603 &     0.079977 &  -0.170379 & -0.125722 &  0.125722 &     0.004545 &  -0.778359 &   -0.496624 &     1.000000 & -0.170379 &  0.192061 & -0.009511 \\
Class\_1     &     0.034303 &  0.285904 &  0.319120 &  0.591711 &    -0.046114 &   1.000000 &  0.098013 & -0.098013 &     0.027864 &   0.296423 &   -0.155342 &    -0.170379 &  1.000000 & -0.288585 & -0.626738 \\
Class\_2     &    -0.000086 &  0.093349 &  0.004949 & -0.118557 &    -0.038594 &  -0.288585 &  0.064746 & -0.064746 &     0.043155 &  -0.125416 &   -0.127301 &     0.192061 & -0.288585 &  1.000000 & -0.565210 \\
Class\_3     &    -0.029486 & -0.322308 & -0.278983 & -0.413333 &     0.071142 &  -0.626738 & -0.137143 &  0.137143 &    -0.059130 &  -0.153329 &    0.237449 &    -0.009511 & -0.626738 & -0.565210 &  1.000000 \\
\bottomrule
\end{tabular}
